15645361
223 246
236 239
63 245
83 175
213 79
253 248
143 95
252 85
214 127
191 86
250 237
241 254
227 251
106 40
222 221
209 116
76 28
110 256
41 80
257 56
154 20
187 137
230 203
201 120
217 147
194 90
124 73
62 235
199 8
197 258
173 61
34 93
259 218
26 146
260 97
140 122
242 91
261 166
37 84
65 30
193 19
225 262
181 178
5 118
27 233
67 11
190 111
78 205
263 82
215 114
81 176
89 234
33 255
105 17
117 7
70 219
249 184
49 148
211 138
244 177
134 104
52 172
119 226
94 75
31 264
50 36
130 206
247 156
101 162
169 66
14 112
208 125
152 35
224 164
132 74
210 159
13 47
198 139
131 60
171 45
126 87
55 189
100 107
15 10
25 240
98 51
155 265
150 135
160 153
39 229
18 207
161 216
196 102
158 59
113 43
266 57
188 115
92 123
174 168
42 232
129 228
46 195
212 99
220 72
22 182
136 142
238 16
21 68
54 186
180 267
167 179
204 77
9 163
157 185
103 64
53 165
243 71
29 231
133 2
121 88
38 183
170 151
4 44
109 200
141 69
149 23
58 202
108 144
145 268
269 270
271 272
273 274
275 276
277 278
279 280
281 282
283 284
1 285
0 286
287 288
289 290
291 292
293 294
295 296
297 298
299 300
301 302
303 128
304 305
306 307
308 309
310 311
312 313
314 315
316 317
318 319
320 321
322 323
6 324
24 325
326 3
327 328
329 330
331 332
334 333
335 336
337 12
338 339
340 341
192 342
343 344
345 346
347 348
349 350
351 352
353 354
355 356
357 96
358 359
360 361
362 363
364 365
366 367
368 369
370 32
371 372
373 374
375 376
377 378
379 380
381 382
383 384
385 386
387 388
389 390
391 392
393 394
395 396
397 398
399 400
48 401
402 403
404 405
406 407
408 409
410 411
412 413
414 415
416 417
418 419
420 421
422 423
424 425
426 427
428 429
430 431
432 433
434 435
436 437
438 439
440 441
442 443
444 445
446 447
448 449
450 451
452 453
454 455
456 457
458 459
460 461
462 463
464 465
466 467
468 469
470 471
472 473
474 475
476 477
478 479
480 481
482 483
484 485
486 487
488 489
490 491
492 493
494 495
496 497
498 499
500 501
502 503
504 505
506 507
508 509
